ip							11ch							18ch							26ch
							tx power		loss			tx power		loss			tx power		loss	
192.168.0.3		154			1								0								0               
				213			0								-1								-2				
				290			0				21				0				20				-1				20
				420			0								-1								-2

192.168.0.4		154			1								0								0
				213			0								-1								-2				
				290			0				19				0				20				-1				19
				420			0								-1								-2
				
192.168.0.5		154			1								0								0               
				213			0								-1								-2				
				290			0				18				0				16				-1				16
				420			0								-1								-2
				
192.168.0.6		154			1								0								0				
				213			0								-1								-2				
				290			0								0								-1				
				420			0								-1								-2
				
192.168.0.7		154			1								0								0               
				213			0								-1								-2				
				290			0				16				0				19				-1				20
				420			0								-1								-2
				
192.168.0.8		154			1								0								0
				213			0								-1								-2				
				290			0				18				0				20				-1				21
				420			0								-1								-2
				
192.168.0.9		154			1								0								0
				213			0								-1								-2				
				290			0				17				0				17				-1				19
				420			0								-1								-2
				
192.168.0.10	154			1								0								0
				213			0								-1								-2				
				290			0				17				0				17				-1				17
				420			0								-1								-2
