ip							11ch							18								26
							tx power		loss			tx power		loss			tx power		loss	
192.168.0.3		154			1				26				0				20				0               21
				213			0				19				-1				16				-2				14
				290			0				21				0				25				-1				23
				420			0								-1								-2

192.168.0.4		154			1								0								0
				213			0				0				-1				0				-2				0
				290			0				0				0				0				-1				0
				420			0								-1								-2
				
192.168.0.5		154			1				20				0				20				0               24
				213			0				17				-1				13				-2				14
				290			0				19				0				17				-1				23
				420			0								-1								-2
				
192.168.0.6		154			1				21				0				19				0				21
				213			0				14				-1				11				-2				12
				290			0				15				0				15				-1				22
				420			0								-1								-2
				
192.168.0.7		154			1				24				0				20				0               22
				213			0				14				-1				11				-2				10
				290			0				18				0				18				-1				19
				420			0								-1								-2
				
192.168.0.8		154			1								0								0
				213			0				14				-1				10				-2				10
				290			0				18				0				19				-1				21
				420			0								-1								-2
				
192.168.0.9		154			1								0								0
				213			0				15				-1				12				-2				11
				290			0				20				0				21				-1				24
				420			0								-1								-2
				
192.168.0.10	154			1								0								0
				213			0				15				-1				10				-2				8
				290			0				16				0				16				-1				16
				420			0								-1								-2
